%linear algebra term problem 5
%a(1)/((1-sqrt(a(1)^2+a(2)^2))*sqrt(a(1)^2+a(2)^2))
%-log(1-sqrt(atemp(1)^2+atemp(2)^2))
A=[0.2 0.5;0.3 0.7;1 2;1 3;0.9 1.4;0.4 0.3;1.1 1.2;0.8 2.2];
B=[-1.1 2;-0.3 0.2;-0.7 0.9;-2 0.4;-1.3 1.4;-2.2 2.4;-0.7 1.7;-1.4 .6];
%A=randn(8,2);
%B=randn(8,2);
